-2313.49
-2318.8
-2322.71
-2326.19
-2329.38
-2332.33
-2335.09
-2337.69
-2340.15
-2342.48
-2344.68
-2346.78
-2348.78
-2350.7
-2352.52
-2354.26
-2355.92
-2357.53
-2359.06
-2360.52
-2361.91
-2363.24
-2364.51
-2365.73
-2366.89
-2368.01
-2369.07
-2370.09
-2371.05
-2371.97
-2372.83
-2373.65
-2374.43
-2375.15
-2375.83
-2376.45
-2377.04
-2377.58
-2378.07
-2378.54
-2378.96
-2379.32
-2379.66
-2379.96
-2380.23
-2380.45
-2380.62
-2380.76
-2380.85
-2380.9
-2380.92
-2380.92
-2380.86
-2380.75
-2380.6
-2380.44
-2380.23
-2379.98
-2379.68
-2379.34
-2378.96
-2378.53
-2378.05
-2377.55
-2377
-2376.4
-2375.76
-2375.06
-2374.32
-2373.53
-2372.7
-2371.82
-2370.9
-2369.93
-2368.92
-2367.86
-2366.72
-2365.56
-2364.33
-2363.1
-2361.77
-2360.36
-2358.9
-2357.4
-2355.81
-2354.13
-2352.39
-2350.56
-2348.68
-2346.7
-2344.58
-2342.37
-2340.04
-2337.62
-2335.03
-2332.25
-2329.32
-2326.13
-2322.6
-2318.74
-2314.04
