#N WF  NWF  DOS P(N1;z=14)   "P(N1;1=14) sim"
0 -277466  0  1 1   1069
1 -277462  4  0.0183156389 0.2564189444   303
2 -277459  7  0.000911882 0.1787288652   255
3 -277456  10  4.53999297624849E-005 0.1245774073   167
4 -277454  12  6.14421235332821E-006 0.2360360618   133
5 -277451  15  3.05902320501826E-007 0.1645216096   126
6 -277448  18  1.52299797447126E-008 0.1146746808   120
7 -277445  21  7.58256042791191E-010 0.0799304264   125
8 -277443  23  1.02618796317019E-010 0.1514436965   125
9 -277440  26  5.10908902806333E-012 0.1055591274   115
10 -277437  29  2.54366564737692E-013 0.0735767129   125
11 -277435  31  3.44247710846998E-014 0.139405354   88
12 -277432  34  1.71390843154201E-015 0.0971681744   97
13 -277429  37  8.53304762574406E-017 0.0677280596   74
14 -277426  40  4.24835425529159E-018 0.0472077415   75
15 -277424  42  5.74952226429356E-019 0.0894442229   46
16 -277421  45  2.86251858054939E-020 0.062344319   66
17 -277418  48  1.42516408274094E-021 0.0434551722   46
18 -277415  51  7.0954741622847E-023 0.0302890788   61
19 -277413  53  9.60268005450868E-024 0.0573885348   61
20 -277410  56  4.78089288388547E-025 0.0400008967   56
21 -277407  59  2.3802664086944E-026 0.0278813833   50
22 -277405  61  3.22134028599252E-027 0.0528266887   40
23 -277402  64  1.60381089054864E-028 0.0368212035   54
24 -277399  67  7.98490424568698E-030 0.0256650768   62
25 -277396  70  3.97544973590865E-031 0.0178890451   42
26 -277394  72  5.38018616002114E-032 0.0338942658   45
27 -277391  75  2.67863696180808E-033 0.0236249458   41
28 -277388  78  1.33361481550226E-034 0.0164670351   34
29 -277386  80  1.80485138784542E-035 0.031199992   40
30 -277383  83  8.98582594404938E-037 0.0217469859   53
31 -277380  86  4.47377930618112E-038 0.0151580614   47
32 -277378  88  6.05460189540119E-039 0.0287198875   42
33 -277375  91  3.01440878506537E-040 0.020018306   47
34 -277372  94  1.50078576270739E-041 0.0139531388   48
35 -277370  96  2.03109266273481E-042 0.0264369279   43
36 -277367  99  1.01122149261045E-043 0.0184270399   46
37 -277364  102  5.03457535876498E-045 0.0128439961   29
38 -277362  104  6.8135568215453E-046 0.024335442   47
39 -277359  107  3.39227019302601E-047 0.0169622644   48
40 -277357  109  4.59093847388295E-048 0.0321382999   47
41 -277354  112  2.28569367671867E-049 0.0224010043   30
42 -277351  115  1.13797987350787E-050 0.0156139247   54
43 -277349  117  1.54008828498752E-051 0.0295836088   34
44 -277346  120  7.667648073722E-053 0.0206203362   46
45 -277343  123  3.81749718867117E-054 0.0143727652   40
46 -277341  125  5.16642063283786E-055 0.0272319915   46
47 -277338  128  2.57220937264241E-056 0.0189812143   39
48 -277336  130  3.48110683990431E-057 0.0359635923   50
49 -277333  133  1.73314104234155E-058 0.0250673056   50
50 -277330  136  8.62880115662096E-060 0.0174723872   63
51 -277328  138  1.16778124852371E-060 0.0331048266   51
52 -277325  141  5.81404048589594E-062 0.0230746917   59
53 -277323  143  7.8684481590786E-063 0.0437194791   69
54 -277320  146  3.9174696644504E-064 0.0304733057   79
55 -277317  149  1.95039330013025E-065 0.0212404718   68
56 -277315  151  2.63957029695919E-066 0.0402441937   66
57 -277312  154  1.3141646683649E-067 0.0280509659   73
58 -277310  156  1.77852847612713E-068 0.0531479959   84
59 -277307  159  8.85477188351343E-070 0.0370451606   92
60 -277305  161  1.19836306085088E-070 0.0701892423   64
61 -277302  164  5.96629836401057E-072 0.0489232325   75
62 -277299  167  2.97044504552069E-073 0.0341004205   109
63 -277297  169  4.02006021574336E-074 0.0646098609   102
64 -277294  172  2.00147012804144E-075 0.0450342979   126
65 -277292  174  2.70869526668108E-076 0.0853262124   116
66 -277289  177  1.3485799642996E-077 0.0594739876   111
67 -277287  179  1.82510451435708E-078 0.1126850054   120
68 -277284  182  9.08666032347931E-080 0.0785435849   115
69 -277281  185  4.52398178760621E-081 0.0547463677   117
70 -277279  187  6.12254356582964E-082 0.1037276124   138
71 -277276  190  3.04823495097186E-083 0.0723001122   134
72 -277274  192  4.12533740461519E-084 0.1369865864   169
73 -277271  195  2.05388455404083E-085 0.0954822476   188
74 -277269  197  2.77963047856419E-086 0.1809096383   186
75 -277266  200  1.38389652673674E-087 0.1260974474   238
76 -277264  202  1.87290028416081E-088 0.2389160726   240
77 -277261  205  9.3246214493706E-090 0.1665290318   282
78 -277259  207  1.26195028492476E-090 0.3155215516   292
79 -277256  210  6.28288051123946E-092 0.2199245028   304
80 -277253  213  3.12806201560199E-093 0.1532915476   285
81 -277251  215  4.23337158863185E-094 0.2904405702   264
82 -277248  218  2.10767160709787E-095 0.2024425834   230
83 -277245  221  1.04934790399587E-096 0.1411063183   215
84 -277242  224  5.22439558379172E-098 0.0983537789   156
85 -277239  227  2.60107340111005E-099 0.0685544484   115
86 -277236  230  1.29499819250898E-100 0.0477837501   90
87 -277233  233  6.4474163546705E-102 0.0333061797   45
88 -277230  236  3.20997958846064E-103 0.0232150386   28
89 -277226  240  5.87928269824527E-105 0.0059527757   12
90 -277223  243  2.92712249651537E-106 0.0041491975   1
91 -277219  247  5.36121186292656E-108 0.0010639328   1
92 -277215  251  9.81940204873606E-110 0.0002728125   1
93 -277212  254  4.88879241131966E-111 0.0001901555   0
94 -277207  259  3.29404241570031E-113 1.79376084913281E-005   0
95 -277203  263  6.03324913701405E-115 4.59954263516519E-006   0
96 -277199  267  1.10502812519316E-116 1.17940986742632E-006   0
97 -277194  272  7.44562094005032E-119 1.11255216476837E-007   0
98 -277189  277  5.016819926934E-121 1.04948445278979E-008   0
99 -277184  282  3.38030667716371E-123 0.000000001   0
100 -277179  287  2.27763272313838E-125 9.33871800692137E-011   0
101 -277174  292  1.53465685718891E-127 8.80933017580578E-012   0
102 -277168  298  3.80403402519296E-130 3.05706048875517E-013   0
103 -277163  303  2.56313796444679E-132 2.88376361647229E-014   0
 0        
 0        
 0        
 0        
 0        
 0        
 0        
 0        
 0        
 0        
 0        
 0        
 0        
 0        
 0        
 0        
 0        
 0        
 0        
 0        
 0        
 0        
 0        
 0        
 0        
 0        
 0        
 0        
 0        
 0        
 0        
 0        
 0        
 0        
 0        
 0        
 0        
 0        
 0        
 0        
 0        
 0        
 0        
 0        
 0        
 0        
 0        
 0        
 0        
 0        
 0        
 0        
 0        
 0        
 0        
 0        
 0        
 0        
 0        
 0        
 0        
 0        
 0        
 0        
 0        
 0        
 0        
 0        
 0        
 0        
 0        
 0        
 0        
 0        
 0        
 0        
 0        
 0        
 0        
 0        
 0        
 0        
 0        
 0        
 0        
 0        
 0        
 0        
 0        
 0        
 0        
 0        
 0        
 0        
 0        
 0        
 0        
 0        
 0        
 0        
 0        
 0        
 0        
 0        
 0        
 0        
 0        
 0        
 0        
 0        
 0        
 0        
 0        
 0        
 0        
 0        
 0        
 0        
 0        
 0        
 0        
 0        
 0        
 0        
 0        
 0        
 0        
 0        
 0        
 0        
 0        
 0        
 0        
 0        
 0        
 0        
 0        
 0        
 0        
 0        
 0        
 0        
 0        
 0        
 0        
 0        
 0        
 0        
 0        
 0        
 0        
 0        
 0        
 0        
 0        
 0        
 0        
 0        
 0        
 0        
 0        
 0        
 0        
 0        
 0        
 0        
 0        
 0        
 0        
 0        
 0        
 0        
 0        
 0        
 0        
 0        
 0        
 0        
 0        
 0        
 0        
 0        
 0        
 0        
 0        
 0        
 0        
 0        
 0        
 0        
 0        
 0        
 0        
 0        
 0        
 0        
 0        
 0        
 0        
 0        
 0        
 0        
 0        
 0        
 0        
 0        
 0        
 0        
 0        
 0        
 0        
 0        
 0        
 0        
 0        
 0        
 0        
 0        
 0        
 0        
 0        
 0        
 0        
 0        
 0        
 0        
 0        
 0        
 0        
 0        
 0        
 0        
 0        
 0        
 0        
 0        
 0        
 0        
 0        
 0        
 0        
 0        
 0        
 0        
 0        
 0        
 0        
 0        
 0        
 0        
 0        
 0        
 0        
 0        
 0        
 0        
 0        
 0        
 0        
 0        
 0        
 0        
 0        
 0        
 0        
 0        
 0        
 0        
 0        
 0        
 0        
 0        
 0        
 0        
 0        
 0        
 0        
 0        
 0        
 0        
 0        
 0        
 0        
 0        
 0        
 0        
 0        
 0        
 0        
 0        
 0        
 0        
 0        
 0        
 0        
 0        
 0        
 0        
 0        
 0        
 0        
 0        
 0        
 0        
 0        
 0        
 0        
 0        
 0        
 0        
 0        
 0        
 0        
 0        
 0        
 0        
 0        
 0        
 0        
 0        
 0        
 0        
 0        
 0        
 0        
 0        
 0        
 0        
 0        
 0        
 0        
 0        
 0        
 0        
 0        
 0        
 0        
 0        
 0        
 0        
 0        
 0        
 0        
 0        
 0        
 0        
 0        
 0        
 0        
 0        
 0        
 0        
 0        
 0        
 0        
 0        
 0        
 0        
 0        
 0        
 0        
 0        
 0        
 0        
 0        
 0        
 0        
 0        
 0        
 0        
 0        
 0        
 0        
 0        
 0        
 0        
 0        
 0        
 0        
 0        
 0        
 0        
 0        
 0        
 0        
 0        
 0        
 0        
 0        
 0        
 0        
 0        
 0        
 0        
 0        
 0        
 0        
 0        
 0        
 0        
 0        
 0        
 0        
 0        
 0        
 0        
 0        
 0        
 0        
 0        
 0        
 0        
 0        
 0        
 0        
 0        
 0        
 0        
 0        
 0        
 0        
 0        
 0        
 0        
 0        
 0        
 0        
 0        
 0        
 0        
 0        
 0        
 0        
 0        
 0        
 0        
 0        
 0        
 0        
 0        
 0        
 0        
 0        
 0        
 0        
 0        
 0        
 0        
 0        
 0        
 0        
 0        
 0        
 0        
 0        
 0        
 0        
 0        
 0        
 0        
 0        
 0        
 0        
 0        
 0        
 0        
 0        
 0        
 0        
 0        
 0        
 0        
 0        
 0        
 0        
 0        
 0        
 0        
 0        
 0        
 0        
 0        
 0        
 0        
 0        
 0        
 0        
 0        
 0        
 0        
 0        
 0        
 0        
 0        
 0        
 0        
 0        
 0        
 0        
 0        
 0        
 0        
 0        
 0        
 0        
 0        
 0        
 0        
 0        
 0        
 0        
 0        
 0        
 0        
 0        
 0        
 0        
 0        
 0        
 0        
 0        
 0        
 0        
 0        
 0        
 0        
 0        
 0        
 0        
 0        
 0        
 0        
 0        
 0        
 0        
 0        
 0        
 0        
 0        
 0        
 0        
 0        
 0        
 0        
 0        
 0        
 0        
 0        
 0        
 0        
 0        
 0        
 0        
 0        
 0        
 0        
 0        
 0        
 0        
 0        
 0        
 0        
 0        
 0        
 0        
 0        
 0        
 0        
 0        
 0        
 0        
 0        
 0        
 0        
 0        
 0        
 0        
 0        
 0        
 0        
 0        
 0        
 0        
 0        
 0        
 0        
 0        
 0        
 0        
 0        
 0        
 0        
 0        
 0        
 0        
 0        
 0        
 0        
 0        
 0        
 0        
 0        
 0        
 0        
 0        
 0        
 0        
 0        
 0        
 0        
 0        
 0        
 0        
 0        
 0        
 0        
 0        
 0        
 0        
 0        
 0        
 0        
 0        
 0        
 0        
 0        
 0        
 0        
 0        
 0        
 0        
 0        
 0        
 0        
 0        
 0        
 0        
 0        
 0        
 0        
 0        
 0        
 0        
 0        
 0        
 0        
 0        
 0        
 0        
 0        
 0        
 0        
 0        
 0        
 0        
 0        
 0        
 0        
 0        
 0        
 0        
 0        
 0        
 0        
 0        
 0        
 0        
 0        
 0        
 0        
 0        
 0        
 0        
 0        
 0        
 0        
 0        
 0        
 0        
 0        
 0        
 0        
 0        
 0        
 0        
 0        
 0        
 0        
 0        
 0        
 0        
 0        
 0        
 0        
 0        
 0        
 0        
 0        
 0        
 0        
 0        
 0        
 0        
 0        
 0        
 0        
 0        
 0        
 0        
 0        
 0        
 0        
 0        
 0        
 0        
 0        
 0        
 0        
 0        
 0        
 0        
 0        
 0        
 0        
 0        
 0        
 0        
 0        
 0        
 0        
 0        
 0        
 0        
 0        
 0        
 0        
 0        
 0        
 0        
 0        
 0        
 0        
 0        
 0        
 0        
 0        
 0        
 0        
 0        
 0        
 0        
 0        
 0        
 0        
 0        
 0        
 0        
 0        
 0        
 0        
 0        
 0        
 0        
 0        
 0        
 0        
 0        
 0        
 0        
 0        
 0        
 0        
 0        
 0        
 0        
 0        
 0        
 0        
 0        
 0        
 0        
 0        
 0        
 0        
 0        
 0        
 0        
 0        
 0        
 0        
 0        
 0        
 0        
 0        
 0        
 0        
 0        
 0        
 0        
 0        
 0        
 0        
 0        
 0        
 0        
 0        
 0        
 0        
 0        
 0        
 0        
 0        
 0        
 0        
 0        
 0        
 0        
 0        
 0        
 0        
 0        
 0        
 0        
 0        
 0        
 0        
 0        
 0        
 0        
 0        
 0        
 0        
 0        
 0        
 0        
 0        
 0        
 0        
 0        
 0        
 0        
 0        
 0        
 0        
 0        
 0        
 0        
 0        
 0        
 0        
 0        
 0        
 0        
 0        
 0        
 0        
 0        
 0        
 0        
 0        
 0        
 0        
 0        
 0        
 0        
 0        
 0        
 0        
 0        
 0        
 0        
 0        
 0        
 0        
 0        
 0        
 0        
 0        
 0        
 0        
 0        
 0        
 0        
 0        
 0        
 0        
 0        
 0        
 0        
 0        
 0        
 0        
 0        
 0        
 0        
 0        
 0        
 0        
 0        
 0        
 0        
 0        
 0        
 0        
 0        
 0        
 0        
 0        
 0        
 0        
 0        
 0        
 0        
 0        
 0        
 0        
 0        
 0        
 0        
 0        
 0        
