1  20
2  28
3  26
4  32
5  47
6  36
7  50
8  67
9  62
10  63
11  63
12  59
13  79
14  71
15  67
16  75
17  88
18  82
19  79
20  62
21  78
22  73
23  84
24  98
25  80
26  89
27  77
28  69
29  90
30  68
31  81
32  74
33  59
34  73
35  72
36  70
37  47
38  51
39  64
40  61
41  51
42  55
43  47
44  50
45  59
46  26
47  38
48  39
49  45
50  46
51  40
52  36
53  35
54  38
55  35
56  37
57  35
58  43
59  40
60  33
61  44
62  32
63  32
64  25
65  31
66  28
67  34
68  38
69  37
70  35
71  27
72  26
73  24
74  25
75  29
76  29
77  30
78  34
79  25
80  27
81  26
82  22
83  26
84  20
85  34
86  18
87  12
88  21
89  26
90  16
91  18
92  20
93  14
94  20
95  23
96  8
97  15
98  16
99  11
100  19
101  12
102  17
103  12
104  16
105  17
106  9
107  11
108  10
109  14
110  13
111  7
112  11
113  8
114  7
115  14
116  19
117  16
118  9
119  23
120  13
121  12
122  12
123  16
124  12
125  7
126  16
127  13
128  8
129  13
130  16
131  12
132  8
133  6
134  17
135  9
136  10
137  15
138  12
139  12
140  9
141  14
142  16
143  9
144  16
145  11
146  8
147  11
148  8
149  15
150  12
151  12
152  11
153  7
154  10
155  8
156  11
157  11
158  12
159  10
160  5
161  13
162  17
163  8
164  10
165  5
166  7
167  11
168  12
169  10
170  8
171  11
172  11
173  6
174  11
175  11
176  14
177  8
178  9
179  9
180  8
181  10
182  9
183  10
184  11
185  16
186  10
187  9
188  14
189  11
190  10
191  11
192  11
193  8
194  12
195  16
196  11
197  10
198  16
199  9
200  14
201  14
202  16
203  8
204  22
205  9
206  17
207  12
208  13
209  14
210  12
211  9
212  12
213  15
214  15
215  9
216  15
217  13
218  9
219  21
220  12
221  11
222  13
223  13
224  18
225  16
226  16
227  18
228  26
229  16
230  21
231  21
232  19
233  16
234  24
235  21
236  20
237  17
238  15
239  17
240  22
241  17
242  25
243  25
244  22
245  22
246  28
247  19
248  28
249  26
250  31
251  15
252  27
253  29
254  26
255  25
256  29
257  30
258  32
259  40
260  28
261  32
262  37
263  20
264  44
265  29
266  25
267  38
268  38
269  48
270  35
271  48
272  36
273  36
274  40
275  51
276  41
277  54
278  51
279  41
280  47
281  47
282  44
283  46
284  44
285  45
286  58
287  52
288  48
289  62
290  57
291  67
292  75
293  63
294  74
295  52
296  66
297  63
298  80
299  66
300  49
301  66
302  71
303  70
304  81
305  66
306  60
307  70
308  71
309  43
310  47
311  39
312  50
313  52
314  57
315  48
316  40
317  48
318  43
319  42
320  25
321  35
322  28
323  35
324  17
325  15
326  19
327  16
328  16
329  9
330  17
331  7
332  2
333  4
334  3
335  5
336  4
337  1
338  0
339  1
340  0
341  0
342  0
343  1
344  0
345  0
346  0
347  0
348  0
349  0
350  0
351  0
352  0
353  0
354  0
355  0
356  0
357  0
358  0
359  0
360  0
361  0
362  0
363  0
364  0
365  0
366  0
367  0
368  0
369  0
370  0
371  0
372  0
373  0
374  0
375  0
376  0
377  0
378  0
379  0
380  0
381  0
382  0
383  0
384  0
385  0
386  0
387  0
388  0
389  0
390  0
391  0
392  0
393  0
394  0
395  0
396  0
397  0
398  0
399  0
400  0
401  0
402  0
403  0
404  0
405  0
406  0
407  0
408  0
409  0
410  0
411  0
412  0
413  0
414  0
415  0
416  0
417  0
418  0
419  0
420  0
421  0
422  0
423  0
424  0
425  0
426  0
427  0
428  0
429  0
430  0
431  0
432  0
433  0
434  0
435  0
436  0
437  0
438  0
439  0
440  0
441  0
442  0
443  0
444  0
445  0
446  0
447  0
448  0
449  0
450  0
451  0
452  0
453  0
454  0
455  0
456  0
457  0
458  0
459  0
460  0
461  0
462  0
463  0
464  0
465  0
466  0
467  0
468  0
469  0
470  0
471  0
472  0
473  0
474  0
475  0
476  0
477  0
478  0
479  0
480  0
481  0
482  0
483  0
484  0
485  0
486  0
487  0
488  0
489  0
490  0
491  0
492  0
493  0
494  0
495  0
496  0
497  0
498  0
499  0
500  0
501  0
502  0
503  0
504  0
505  0
506  0
507  0
508  0
509  0
510  0
511  0
512  0
